	30.5739120000,104.0585680000
	30.7004500000,104.0788970000
	30.6720450000,104.0278600000
	30.6849340000,104.1126980000
	30.6814680000,104.1149930000
	30.6823990000,104.1192110000
	30.6786030000,104.1197010000
	30.6522220000,104.0614230000
	30.6505830000,104.0554270000
	30.6476160000,104.0482310000
	30.6461990000,104.0487750000
	30.6419380000,104.0012280000
	30.6390290000,104.0028350000
	30.6375340000,103.9500650000
	30.6267470000,103.9564250000
	30.6245330000,103.9589710000
	30.6177190000,103.9670600000
	30.6168330000,103.9700560000
	30.6142960000,103.9674060000
	30.6112700000,103.9705640000
	30.5861260000,104.0255000000
	30.5837250000,104.0294430000
	30.5807010000,104.0345460000
	30.5790770000,104.0405190000
	30.6101900000,104.0415660000
	30.6133680000,104.0410090000
	30.6184770000,104.0444230000
	30.6545710000,104.1198710000
	30.6588510000,104.1216410000
	30.6991150000,104.0497760000
	30.6970500000,104.0466550000
	30.7074560000,104.0141270000
	30.7086860000,104.0117960000
	30.7074090000,104.0131570000
	30.7354200000,103.9805080000
	30.7292340000,103.9863160000
	30.7475480000,103.9445890000
	30.7458720000,103.9413290000
	30.7870840000,103.9105530000
	30.7896440000,103.8907580000
	30.8053750000,103.7978240000
	30.7971350000,103.7877140000
	30.6193040000,104.2124420000
	30.6241050000,104.2012400000
	30.4191610000,103.9230790000
	30.3525660000,104.1816210000
	30.5841360000,104.1762620000
	30.6282810000,104.1860220000
	30.6727440000,104.2131650000
	30.7239380000,104.1183800000
	30.7248110000,104.1033780000
	30.6749370000,104.0280730000
	30.6664920000,104.0280150000
	30.6734040000,103.9942880000
	30.7514700000,104.0821960000
	30.7556710000,104.0821420000
	30.7759810000,104.0826230000
	30.7839780000,103.9826010000
	30.7854980000,103.9953620000
	30.8586290000,104.2244790000
	30.8641900000,104.2240930000
	30.6235730000,105.0774200000
	30.6247230000,105.0894080000
	30.8089460000,103.8577680000
	30.8015710000,103.8676320000
	30.7119850000,104.0247900000
	30.7153570000,104.0317250000
	30.7229950000,104.0393020000
	30.7307830000,104.0330590000
	30.7235880000,104.1196870000
	30.7248300000,104.1082880000
	30.6786640000,104.0132780000
	30.6759120000,104.0316080000
	30.6519230000,104.0287700000
	30.6468780000,104.0329600000
	30.6291670000,104.1036570000
	30.6380190000,104.1099720000
	30.6477360000,104.1197140000
	30.6458140000,104.1236040000
	30.6503890000,104.1222020000
	30.6519230000,104.1296760000
	30.6568580000,104.1308620000
	30.6566290000,104.1217040000
	30.6631690000,104.1216900000
	30.6689700000,104.1197860000
	30.7009310000,104.0688430000
	30.6979000000,104.0482000000
	30.6923330000,104.0417550000
	30.6876630000,104.0360140000
	30.6409200000,104.0393610000
	30.6361900000,104.0436500000
	30.6325460000,104.0512990000
	30.6468350000,104.1151420000
	30.6522880000,104.1189500000
	30.6608230000,104.1216180000
	30.6553940000,104.1204510000
	30.7450030000,103.9712780000
	30.7476720000,103.9664590000
	30.7435980000,104.0224770000
	30.7350820000,104.0254500000
	30.6196730000,104.1487830000
	30.6238410000,104.1516800000
	30.6411340000,104.1587810000
	30.6377350000,104.1569170000
	30.6428780000,104.1486170000
	30.6428310000,104.1450510000
	30.6510800000,104.1183080000
	30.6469400000,104.1152000000
	30.6658360000,104.0282840000
	30.6562800000,104.0284690000
	30.6486680000,104.0315000000
	30.6449170000,104.0349090000
	30.6433200000,104.0369490000
	30.6406600000,104.0390820000
	30.6391610000,104.0411390000
	30.6350830000,104.0457070000
	30.6315670000,104.0522380000
	30.6276480000,104.0610770000
	30.6259970000,104.0693820000
	30.6260400000,104.0772960000
	30.6263780000,104.0839800000
	30.6923220000,104.1065180000
	30.6855710000,104.1126220000
	30.6795690000,104.1154880000
	30.6702360000,104.1195480000
	30.6630490000,104.1213850000
	30.6567000000,104.1214390000
	30.6548320000,104.1200330000
	30.6519970000,104.1185100000
	30.6507660000,104.1181060000
	30.6491970000,104.1171850000
	30.6490300000,104.1168490000
	30.6439850000,104.1137450000
	30.6439310000,104.1133270000
	30.6430060000,104.1130490000
	30.6428200000,104.1126310000
	30.6411610000,104.1119170000
	30.6401790000,104.1110140000
	30.6378480000,104.1098820000
	30.6367220000,104.1088630000
	30.6339330000,104.1074210000
	30.6329310000,104.1065670000
	30.6307680000,104.1048970000
	30.6298660000,104.1044880000
	30.6280450000,104.1027990000
	30.6268790000,104.1019950000
	30.6264870000,104.0992330000
	30.6263350000,104.0981460000
	30.6775390000,104.0205460000
	30.6779470000,104.0184660000
	30.6788470000,104.0115360000
	30.6789020000,104.0091150000
	30.6792040000,104.0065410000
	30.6792010000,104.0054900000
	30.6796000000,104.0017850000
	30.6794880000,103.9997230000
	30.7114690000,104.1314190000
	30.7107940000,104.1298200000
	30.7099280000,104.1253550000
	30.7097730000,104.1248660000
	30.7097730000,104.1180750000
	30.7096880000,104.1195480000
	30.7098000000,104.1145080000
	30.7096220000,104.1152410000
	30.7097150000,104.1114090000
	30.7095600000,104.1111760000
	30.7092530000,104.1102460000
	30.7087760000,104.1099720000
	30.7076810000,104.1099810000
	30.7074560000,104.1099360000
	30.6916390000,104.1084630000
	30.6897290000,104.1099590000
	30.6872020000,104.1117150000
	30.6861810000,104.1119660000
	30.6836690000,104.1134170000
	30.6813280000,104.1150610000
	30.6800470000,104.1153120000
	30.6790410000,104.1159730000
	30.6779740000,104.1160940000
	30.6763940000,104.1170420000
	30.6757880000,104.1169650000
	30.6742700000,104.1179620000
	30.6733880000,104.1179620000
	30.6717690000,104.1189330000
	30.6710740000,104.1188970000
	30.6692420000,104.1199430000
	30.6668970000,104.1206210000
	30.6633860000,104.1214300000
	30.6622180000,104.1216680000
	30.6617130000,104.1213760000
	30.6606100000,104.1216360000
	30.6599030000,104.1213760000
	30.6587810000,104.1213270000
	30.6573640000,104.1216190000
	30.6564510000,104.1210530000
	30.6562760000,104.1212190000
	30.6543500000,104.1200640000
	30.6542380000,104.1196650000
	30.6535580000,104.1192560000
	30.6527000000,104.1191390000
	30.6512550000,104.1181560000
	30.6497910000,104.1175360000
	30.6484360000,104.1164710000
	30.6473370000,104.1157390000
	30.6459150000,104.1145620000
	30.6444080000,104.1139780000
	30.6433250000,104.1129720000
	30.6425210000,104.1127480000
	30.6414290000,104.1118050000
	30.6400430000,104.1112160000
	30.6374210000,104.1093070000
	30.6365010000,104.1089750000
	30.6343990000,104.1074480000
	30.6335950000,104.1072010000
	30.6325150000,104.1062620000
	30.6313700000,104.1056560000
	30.6304180000,104.1045870000
	30.6292180000,104.1040210000
	30.6278740000,104.1026730000
	30.6266270000,104.1014830000
	30.6305150000,104.1049820000
	30.6301030000,104.1043670000
	30.6286310000,104.1035760000
	30.6278080000,104.1026640000
	30.6266150000,104.1006830000
	30.6263740000,104.1001220000
	30.6264560000,104.0972430000
	30.6262930000,104.0958460000
	30.6262460000,104.0925810000
	30.6264360000,104.0911120000
	30.6263860000,104.0865800000
	30.6263900000,104.0834810000
	30.6261880000,104.0826590000
	30.6264010000,104.0800900000
	30.6260630000,104.0785580000
	30.6264290000,104.0760250000
	30.6259900000,104.0747180000
	30.6264130000,104.0694810000
	30.6260130000,104.0671000000
	30.6265760000,104.0634800000
	30.6270190000,104.0618360000
	30.6285300000,104.0592580000
	30.6292450000,104.0573090000
	30.6305070000,104.0554040000
	30.6310820000,104.0531680000
	30.6331210000,104.0500330000
	30.6340570000,104.0473600000
	30.6358440000,104.0444680000
	30.6371690000,104.0425630000
	30.6388700000,104.0413280000
	30.6394250000,104.0404340000
	30.6417250000,104.0385970000
	30.6423890000,104.0375150000
	30.6437320000,104.0365530000
	30.6439190000,104.0359380000
	30.6453990000,104.0348330000
	30.6456630000,104.0341860000
	30.6472900000,104.0329420000
	30.6478300000,104.0320080000
	30.6492980000,104.0308670000
	30.6498570000,104.0299020000
	30.6514220000,104.0288730000
	30.6513790000,104.0285940000
	30.6529520000,104.0286660000
	30.6529480000,104.0283700000
	30.6543930000,104.0286260000
	30.6543700000,104.0283650000
	30.6557170000,104.0286480000
	30.6557910000,104.0283250000
	30.6577830000,104.0282170000
	30.6591270000,104.0285590000
	30.6605010000,104.0281540000
	30.6618600000,104.0284370000
	30.6641320000,104.0280730000
	30.6654170000,104.0282670000
	30.6670950000,104.0280060000
	30.6687060000,104.0282310000
	30.6701350000,104.0279070000
	30.6715090000,104.0281140000
	30.6729920000,104.0278620000
	30.6743090000,104.0281000000
	30.6757060000,104.0277990000
	30.6770300000,104.0280200000
	30.6786140000,104.0277770000
	30.6798180000,104.0283030000
	30.6813090000,104.0288730000
	30.6818680000,104.0296990000
	30.6830400000,104.0306920000
	30.6834830000,104.0315770000
	30.6845620000,104.0324390000
	30.6851640000,104.0335220000
	30.6863090000,104.0344650000
	30.6867860000,104.0353680000
	30.6878690000,104.0362480000
	30.6882930000,104.0370970000
	30.6895580000,104.0381570000
	30.6900860000,104.0391320000
	30.6912120000,104.0400300000
	30.6915570000,104.0408740000
	30.6926790000,104.0417280000
	30.6930870000,104.0426130000
	30.6942900000,104.0434660000
	30.6945270000,104.0444860000
	30.6958740000,104.0452400000
	30.6963360000,104.0464980000
	30.6976130000,104.0473560000
	30.6979120000,104.0481960000
	30.6989600000,104.0490310000
	30.6990530000,104.0497000000
	30.6981250000,104.0479890000
	30.6985290000,104.0488870000
	30.6996200000,104.0501450000
	30.6999220000,104.0514470000
	30.7006170000,104.0532260000
	30.7005050000,104.0540440000
	30.7008460000,104.0555170000
	30.7005860000,104.0565410000
	30.7009280000,104.0578070000
	30.7006790000,104.0584500000
	30.7009470000,104.0596710000
	30.7007760000,104.0604040000
	30.7010440000,104.0616250000
	30.7008040000,104.0624520000
	30.7010290000,104.0636150000
	30.7007880000,104.0642440000
	30.7010050000,104.0652950000
	30.7007570000,104.0659960000
	30.7009700000,104.0674190000
	30.7007260000,104.0678680000
	30.7009280000,104.0688390000
	30.7006750000,104.0694360000
	30.7009120000,104.0705810000
	30.7006410000,104.0714570000
	30.7009010000,104.0724320000
	30.7006020000,104.0728180000
	30.7008420000,104.0738560000
	30.7005750000,104.0749920000
	30.7007840000,104.0758540000
	30.7005160000,104.0764790000
	30.7007410000,104.0774850000
	30.7004460000,104.0781720000
	30.7007100000,104.0793580000
	30.7004390000,104.0801530000
	30.7006560000,104.0816350000
	30.7003960000,104.0821560000
	30.7005630000,104.0832380000
	30.7003420000,104.0836920000
	30.7005670000,104.0849270000
	30.7002830000,104.0858170000
	30.7005090000,104.0867690000
	30.7002450000,104.0876310000
	30.7164910000,104.0338990000
	30.7176010000,104.0351840000
	30.7179930000,104.0360770000
	30.7190020000,104.0368720000
	30.7193590000,104.0377170000
	30.7204110000,104.0386330000
	30.7209770000,104.0397250000
	30.7220600000,104.0406810000
	30.7225020000,104.0415800000
	30.7232010000,104.0424690000
	30.7242560000,104.0433900000
	30.7246950000,104.0443100000
	30.7256500000,104.0451370000
	30.7260610000,104.0459900000
	30.7270190000,104.0468350000
	30.7273720000,104.0476750000
	30.7283110000,104.0485370000
	30.7287340000,104.0494040000
	30.7297160000,104.0502660000
	30.7300420000,104.0511240000
	30.7309730000,104.0519680000
	30.7312290000,104.0529250000
	30.7319360000,104.0539900000
	30.7321100000,104.0549010000
	30.7324560000,104.0557640000
	30.7323860000,104.0570570000
	30.7325680000,104.0581530000
	30.7322850000,104.0591820000
	30.7324050000,104.0601920000
	30.7320750000,104.0617240000
	30.7321450000,104.0629320000
	30.7317960000,104.0642800000
	30.7319200000,104.0652500000
	30.7317340000,104.0665170000
	30.7316290000,104.0657800000
	30.7314310000,104.0669880000
	30.7314550000,104.0683540000
	30.7309770000,104.0703070000
	30.7310160000,104.0716010000
	30.7307130000,104.0723510000
	30.7307990000,104.0732490000
	30.7304730000,104.0743990000
	30.7304110000,104.0761060000
	30.7300960000,104.0769550000
	30.7301000000,104.0781230000
	30.7297470000,104.0790610000
	30.7298050000,104.0800670000
	30.7295300000,104.0805880000
	30.7294870000,104.0818730000
	30.7257110000,104.0953660000
	30.7260020000,104.0941710000
	30.7261960000,104.0934750000
	30.7263360000,104.0929630000
	30.7264830000,104.0925180000
	30.7265680000,104.0921140000
	30.7268010000,104.0913230000
	30.7268750000,104.0910130000
	30.6742690000,104.1695880000
	30.7259710000,104.0943010000
	30.6742810000,104.1693190000
	30.6743580000,104.1695610000
	30.6750840000,104.1692380000
	30.6742150000,104.1693190000
	30.6739860000,104.1695790000
	30.6738300000,104.1693360000
	30.6739470000,104.1693720000
	30.6742690000,104.1695880000
	30.6787730000,104.1690360000
	30.6786910000,104.1692690000
	30.6746610000,104.1692780000
	30.6743040000,104.1695610000
	30.6742690000,104.1695880000
	30.6743000000,104.1695750000
	30.7256950000,104.0954420000
30.6750110000,104.1692510000
30.6742540000,104.1695570000
30.6742690000,104.1695880000
30.6754070000,104.1692110000
30.6748170000,104.1692870000
30.6742340000,104.1692780000
30.6748090000,104.1695300000
30.6742960000,104.1692920000
30.6746650000,104.1695250000
30.7254390000,104.0964570000
30.6767190000,104.1693900000
30.6762610000,104.1694310000
30.6751700000,104.1692200000
30.6766100000,104.1693950000
30.6752440000,104.1692510000
30.6772630000,104.1693720000
30.6755190000,104.1691880000
30.6764670000,104.1693950000
30.6757100000,104.1694490000
30.6768590000,104.1693280000
30.6789900000,104.1692650000
30.6793710000,104.1689820000
30.6786720000,104.1690400000
30.6788660000,104.1692960000
30.6776660000,104.1693280000
30.6770100000,104.1693680000
30.6785980000,104.1692870000
30.7043660000,104.1670010000
30.6771110000,104.1693320000
30.6794060000,104.1690090000
30.6792390000,104.1692740000
30.6798910000,104.1692060000
30.6789160000,104.1690270000
30.6788390000,104.1690490000
30.6787920000,104.1689950000
30.7253460000,104.0971580000
30.6785900000,104.1690400000
30.6788120000,104.1690000000
30.6795730000,104.1689410000
30.6786450000,104.1690090000
30.6805040000,104.1691340000
30.6794480000,104.1689590000
30.6790480000,104.1689910000
30.6806210000,104.1691070000
30.6887150000,104.1687980000
30.6794950000,104.1689950000
30.6796890000,104.1689680000
30.7253730000,104.0982540000
30.6870380000,104.1685100000
30.7251520000,104.0987300000
30.6630060000,104.2142810000
30.7251950000,104.1006660000
30.7025030000,104.1677200000
30.6602570000,104.2141730000
30.6958580000,104.1680070000
30.6626340000,104.2144070000
30.7251440000,104.1012990000
30.7249390000,104.1014340000
30.6941810000,104.1681510000
30.6736090000,104.1693680000
30.7219390000,104.1345180000
30.6589840000,104.2141550000
30.6732400000,104.1693810000
30.6854850000,104.1685100000
30.7198280000,104.1393330000
30.7177170000,104.1444350000
30.6580210000,104.2139940000
30.7162890000,104.1483160000
30.7152330000,104.1546400000
30.6571820000,104.2139040000
30.6980310000,104.1679350000
30.7128730000,104.1609640000
30.6576810000,104.2138430000
30.7092720000,104.1646290000
30.6969130000,104.1682230000
